4.432339
4.790380
5.158147
5.544885
5.958940
6.407469
6.896290
7.429894
8.011576
8.643657
9.327738
10.064945
10.856132
11.702016
12.603249
13.560425
14.550425
15.540425
16.530425
17.520425
18.510425
19.500425
20.490425
21.480425
22.470425
23.460425
24.450425
25.440425
26.430425
27.420425
28.410425
29.400425
30.390425
31.380425
32.370425
33.360425
34.350425
35.340425
36.330425
37.320425
38.310425
39.300425
40.290425
41.280425
42.270425
43.260425
44.250425
45.240425
46.230425
47.220425
48.210425
49.200425
50.190425
51.180425
52.170425
53.160425
53.800373
54.223831
54.645378
55.064704
55.481350
55.894693
56.303950
56.708165
57.106220
57.496845
57.878659
58.250213
58.610068
58.956873
59.289463
59.606943
59.908766
60.194781
60.465253
60.720844
60.962562
61.191684
61.409658
61.618004
61.818223
62.011717
62.199737
62.383346
62.563415
62.740625
62.915492
63.088392
63.259596
63.429296
63.597635
63.764740
63.930747
64.095827
64.260218
64.424259
64.588419
64.753326
64.919791
65.088808
65.261534
65.439241
65.623222
65.814672
66.014541
66.223363
66.441111
66.667070
66.899775
67.137023
67.375958
67.613245
67.845294
68.068518
68.279590
68.475662
68.654522
68.814672
68.955328
69.076341
69.178071
69.261229
69.326710
69.375454
69.408327
69.426041
69.429113
69.417849
69.392340
69.352465
69.297877
69.227967
69.141810
69.038068
68.914893
68.769802
68.599585
68.400234
68.166933
67.894128
67.575682
67.205122
66.775958
66.282049
65.717978
65.079395
64.363279
63.568106
62.693885
61.742092
60.752092
59.762092
58.772092
57.782092
56.792092
55.802092
54.812092
53.822092
52.832092
51.842092
50.852092
49.862092
48.872092
47.882092
46.892092
45.902092
44.912092
43.922092
42.932092
41.942092
40.952092
39.962092
38.972092
37.982092
36.992092
36.002092
35.012092
34.022092
33.032092
32.042092
31.052092
30.062092
29.072092
28.082092
27.092092
26.102092
25.112092
24.122092
23.132092
22.142092
21.152092
20.162092
19.172092
18.182092
17.192092
16.202092
15.212092
14.222092
13.591915
13.004465
12.437473
11.890908
11.364768
10.859142
10.374285
9.910694
9.469183
9.050952
8.657635
8.291306
7.954442
7.649816
7.380322
7.148730
6.957399
6.807959
6.701009
6.635877
6.610456
6.621179
6.663114
6.730198
6.815574
6.912009
7.012327
7.109835
7.198682
7.274126
7.332696
7.372229
7.391819
7.391666
7.372871
7.337207
7.286874
7.224278
7.151845
7.071882
6.986476
6.897455
6.806379
6.714563
6.623129
6.533061
6.445267
6.360634
6.280069
6.204528
6.135024
6.072613
6.018375
5.973370
5.938600
5.914962
5.903220
5.903977
5.917672
5.944587
5.984866
6.038548
6.105596
6.185931
6.279458
6.386095
6.505794
6.638578
6.784570
6.944064
7.117589
7.306018
7.510679
7.733481
7.977038
8.244760
8.540903
8.870545
9.239461
9.653888
10.120176
10.644323
11.231444
11.885205
12.607307
13.397077
14.251251
15.163993
16.127176
17.117176
18.107176
19.097176
20.087176
21.077176
22.067176
23.057176
24.047176
25.037176
26.027176
27.017176
28.007176
28.997176
29.987176
30.977176
31.967176
32.957176
33.947176
34.937176
35.927176
36.917176
37.907176
38.897176
39.887176
40.877176
41.867176
42.857176
43.847176
44.837176
45.827176
46.817176
47.807176
48.797176
49.787176
50.777176
51.767176
52.757176
53.747176
54.737176
55.727176
56.717176
57.707176
58.697176
59.687176
60.677176
61.667176
62.657176
63.647176
64.637176
65.627176
66.617176
67.607176
68.252526
68.803061
69.291134
69.720789
70.097032
70.425525
70.712258
70.963245
71.184240
71.380503
71.556622
71.716389
71.862734
71.997709
72.122523
72.237614
72.342752
72.437174
72.519734
72.589076
72.643807
72.682666
72.704674
72.709259
72.696338
72.666351
72.620248
72.559426
72.485630
72.400814
72.306985
72.206020
72.099478
71.988391
71.873057
71.752807
71.625756
71.488521
71.335890
71.160410
70.951869
70.696653
70.376952
69.969862
69.446439
68.770849
67.899812
66.909812
65.919812
64.929812
63.939812
62.949812
61.959812
60.969812
59.979812
58.989812
57.999812
57.009812
56.019812
55.029812
54.039812
