13.899047
14.119451
13.640077
13.395847
13.100029
12.959395
12.849115
12.703674
12.573350
12.489470
12.422812
12.359555
12.298422
12.230206
12.162179
12.097729
12.035549
11.975707
11.918251
11.863214
11.810608
11.760430
11.712664
11.667281
11.624239
11.583487
11.544967
11.508610
11.474346
11.442098
11.411787
11.383329
11.356643
11.331645
11.308250
11.281893
11.263297
11.264673
11.272483
11.278183
11.284609
11.290712
11.296936
11.303283
11.309754
11.316351
11.323076
11.329932
11.336919
11.344041
11.351299
11.359119
11.366503
11.371344
11.376467
11.382962
11.393287
11.412757
11.437329
11.464883
11.495002
11.525108
11.556770
11.590970
11.626945
11.663952
11.702517
11.742953
11.785163
11.829161
11.874953
11.924159
11.972965
12.015661
12.056602
12.098489
12.140827
12.184553
12.229234
12.274838
12.321327
12.368659
12.416791
12.465672
12.515250
12.565470
12.616271
12.667592
12.719367
12.771528
12.824006
12.876730
12.929626
12.982621
13.035640
13.088609
13.141454
13.194101
13.246479
13.298514
13.350140
13.401289
13.451897
13.501902
13.551247
13.599875
13.647737
13.700510
13.744516
13.765275
13.773051
13.772582
13.760914
13.734186
13.698337
13.657895
13.612809
13.565389
13.515079
13.461661
13.406813
13.352722
13.298341
13.243305
13.188151
13.133070
13.078542
13.024731
12.972571
12.923615
12.876496
12.830521
12.785600
12.741206
12.697668
12.655125
12.613465
12.572646
12.532627
12.493341
12.454801
12.417073
12.379958
12.342312
12.306471
12.274901
12.245757
12.218708
12.192775
12.166718
12.141026
12.115658
12.090638
12.065971
12.041663
12.017717
11.994137
11.970925
11.948084
11.925616
11.903523
11.881806
11.860466
11.840092
11.819283
11.795396
11.772317
11.751646
11.735307
11.727208
11.723770
11.722875
11.725549
11.732833
11.742806
11.754546
11.766638
11.776328
11.785535
11.790745
11.802184
11.831828
11.874363
11.933307
12.001016
12.067294
12.136298
12.207925
12.282047
12.358503
12.437108
12.517649
12.599885
12.683555
12.768377
12.854053
12.940270
13.026709
13.113049
13.198969
13.284153
13.368298
13.451114
13.532332
13.611703
13.689004
13.764038
13.836636
13.906655
13.973985
14.038540
14.100263
14.159119
14.215100
14.268217
14.320959
14.367464
14.403574
14.431601
14.448743
14.462336
14.478930
14.495013
14.510093
14.523884
14.535781
14.546226
14.555634
14.563384
14.568471
14.572280
14.575478
14.578571
14.582645
14.586906
14.590968
14.594995
14.598987
14.602943
14.606865
14.610752
14.614605
14.618423
14.622221
14.625967
14.629605
14.633217
14.636814
14.640503
14.644492
14.648531
14.652379
14.656250
14.660203
14.664341
14.669011
14.673662
14.677858
14.681756
14.685306
14.688565
14.691662
14.694369
14.696642
14.698190
14.698450
14.698026
14.697263
14.696190
14.694964
14.693627
14.692174
14.690876
14.690163
14.689664
14.689149
14.688705
14.688401
14.688045
14.687478
14.686691
14.685703
14.684283
14.682425
14.679587
14.674749
14.668934
14.662717
14.656240
14.650255
14.643989
14.636653
14.628912
14.621224
14.613393
14.605418
14.597297
14.589028
14.580609
14.572038
14.563313
14.554432
14.545394
14.536197
14.526838
14.517316
14.507629
14.497776
14.487754
14.477563
14.467199
14.456662
14.445950
14.435061
14.423994
14.412747
14.401319
14.389708
14.377914
14.365934
14.353767
14.341413
14.328870
14.318355
14.304632
14.290146
14.257751
14.173216
14.064575
13.960023
13.848177
13.729545
13.604567
13.473642
13.338316
13.200511
13.060770
12.918895
12.778857
12.642676
12.514171
12.399063
12.292052
12.190815
12.094524
12.000735
11.911932
11.829191
11.752128
11.680690
11.614753
11.554137
11.498617
11.447937
11.401817
11.359964
11.322080
11.287868
11.257037
11.228443
11.203912
11.178284
11.164979
11.182193
11.211788
11.236848
11.264665
11.295494
11.329596
11.367244
11.408713
11.454280
11.504213
11.558770
11.618186
11.682667
11.752377
11.827430
11.907877
11.995273
12.085833
12.170686
12.260227
12.355953
12.475164
12.655748
12.858415
13.049759
13.233811
13.418078
13.564774
13.648397
13.668870
13.626406
13.480866
13.263625
12.776315
12.156041
11.341343
11.006556
